9.0,2.0,3.0,15.0,0.0,0.0,0.0,571.0
9.0,2.0,3.0,15.0,0.0,0.0,0.0,830.0
9.0,2.0,3.0,15.0,0.0,0.0,0.0,1287.0
9.0,2.0,3.0,15.0,0.0,0.0,0.0,1975.0
9.0,2.0,3.0,15.0,0.0,0.0,0.0,2744.0
9.0,2.0,3.0,15.0,0.0,0.0,0.0,4515.0
9.0,2.0,3.0,35.0,0.0,0.0,0.0,5974.0
9.0,2.0,3.0,35.0,0.0,0.0,0.0,7711.0
13.0,2.0,3.0,35.0,0.0,0.0,0.0,9692.0
13.0,2.0,3.0,53.0,0.0,0.0,0.0,11791.0
13.0,2.0,3.0,57.0,0.0,0.0,1.0,14380.0
13.0,2.0,3.0,60.0,2.0,0.0,1.0,17205.0
16.0,2.0,3.0,60.0,2.0,0.0,1.0,20440.0
20.0,2.0,3.0,63.0,2.0,0.0,1.0,24324.0
23.0,2.0,3.0,68.0,4.0,0.0,2.0,28018.0
35.0,2.0,3.0,75.0,4.0,0.0,2.0,31161.0
38.0,3.0,6.0,100.0,4.0,0.0,2.0,34546.0
49.0,3.0,7.0,124.0,5.0,0.0,2.0,37198.0
82.0,3.0,29.0,158.0,5.0,0.0,3.0,40171.0
108.0,7.0,30.0,221.0,5.0,0.0,8.0,42638.0
151.0,13.0,31.0,319.0,6.0,0.0,13.0,44653.0
192.0,14.0,34.0,435.0,6.0,0.0,19.0,58761.0
254.0,17.0,40.0,541.0,7.0,3.0,25.0,63851.0
293.0,20.0,47.0,704.0,16.0,3.0,25.0,66492.0
349.0,20.0,62.0,994.0,19.0,3.0,34.0,68500.0
419.0,28.0,62.0,1301.0,20.0,3.0,52.0,70548.0
536.0,34.0,74.0,2011.0,21.0,3.0,77.0,72436.0
725.0,45.0,82.0,2609.0,28.0,3.0,151.0,74185.0
1034.0,59.0,100.0,3265.0,33.0,5.0,151.0,74576.0
1262.0,63.0,114.0,4165.0,53.0,5.0,200.0,75465.0
1399.0,93.0,129.0,5290.0,184.0,8.0,234.0,76288.0
1767.0,114.0,143.0,7302.0,247.0,10.0,346.0,76936.0
2379.0,147.0,169.0,10539.0,307.0,14.0,529.0,77150.0
2961.0,199.0,194.0,15437.0,454.0,18.0,640.0,77658.0
3607.0,253.0,249.0,21502.0,501.0,20.0,970.0,78064.0
4543.0,306.0,332.0,26729.0,645.0,24.0,1178.0,78497.0
5145.0,367.0,396.0,36441.0,776.0,27.0,1546.0,78824.0
6020.0,438.0,499.0,47379.0,875.0,33.0,1924.0,79251.0
7311.0,495.0,536.0,59169.0,972.0,39.0,2247.0,79824.0
8625.0,658.0,657.0,73009.0,1063.0,39.0,2554.0,80026.0
10550.0,840.0,727.0,91224.0,1201.0,44.0,2985.0,80151.0
13159.0,1036.0,887.0,110548.0,1373.0,48.0,3417.0,80270.0
15462.0,1264.0,987.0,130194.0,1495.0,48.0,3904.0,80409.0
17662.0,1534.0,1024.0,150671.0,1597.0,48.0,4256.0,80552.0
20031.0,1836.0,1251.0,174625.0,1717.0,49.0,4630.0,80651.0
22752.0,2337.0,1397.0,200733.0,1938.0,51.0,5717.0,80695.0
26662.0,2777.0,1998.0,228475.0,2118.0,54.0,6880.0,80735.0
30500.0,3548.0,2543.0,259477.0,2421.0,56.0,8044.0,80754.0
34525.0,4149.0,3059.0,292941.0,2686.0,61.0,9194.0,80778.0
37903.0,4731.0,3588.0,327932.0,2818.0,70.0,10360.0,80793.0
43241.0,5389.0,4289.0,354468.0,3157.0,88.0,11254.0,80813.0
46679.0,6343.0,4778.0,387005.0,3766.0,123.0,12183.0,80824.0
49966.0,7497.0,5351.0,422253.0,4035.0,164.0,14034.0,80844.0
54931.0,8672.0,5916.0,455374.0,4263.0,218.0,16188.0,80860.0
58859.0,10131.0,6725.0,489875.0,4489.0,330.0,18145.0,80881.0
66705.0,11917.0,7600.0,524505.0,4695.0,424.0,19789.0,80894.0
71437.0,13584.0,8446.0,554896.0,5011.0,482.0,20962.0,80928.0
76219.0,15770.0,9205.0,581372.0,5230.0,621.0,22192.0,80967.0
80145.0,18328.0,10453.0,609064.0,5496.0,803.0,23430.0,81008.0
84894.0,21102.0,11487.0,638502.0,5837.0,1012.0,25262.0,81054.0
89056.0,24490.0,12370.0,670486.0,6383.0,1231.0,28610.0,81093.0
93231.0,27938.0,13430.0,701122.0,6919.0,1572.0,30683.0,81171.0
98295.0,32008.0,14352.0,734969.0,7025.0,1838.0,33682.0,81218.0
103292.0,36793.0,16365.0,764038.0,7638.0,2144.0,36722.0,81285.0
108582.0,42853.0,17615.0,789766.0,8348.0,2456.0,38654.0,81340.0
112810.0,47121.0,18539.0,819496.0,8892.0,2948.0,40743.0,81394.0
116699.0,52763.0,20080.0,846903.0,9565.0,3382.0,43079.0,81439.0
120725.0,57999.0,21370.0,879267.0,10076.0,3772.0,45757.0,81439.0
124869.0,62773.0,23039.0,911107.0,11057.0,4186.0,49492.0,81518.0
129739.0,68622.0,24447.0,947495.0,11940.0,4689.0,52995.0,81554.0
134182.0,74588.0,26283.0,982525.0,12723.0,4998.0,59196.0,81589.0
138219.0,80949.0,27890.0,1008868.0,13328.0,5416.0,62859.0,81620.0
142115.0,87147.0,29451.0,1032638.0,13915.0,5913.0,66501.0,81639.0
145728.0,93558.0,31324.0,1059251.0,14612.0,6462.0,72899.0,81669.0
149414.0,99399.0,33062.0,1088982.0,15525.0,7103.0,79361.0,81708.0
154869.0,106498.0,34863.0,1120902.0,16473.0,7667.0,85380.0,81740.0
160477.0,114431.0,37257.0,1156964.0,18092.0,8238.0,92109.0,81802.0
164823.0,124054.0,39699.0,1186177.0,19022.0,8790.0,96559.0,81865.0
168747.0,134687.0,42505.0,1213084.0,20084.0,9455.0,101147.0,81907.0
172350.0,145268.0,46437.0,1238397.0,20941.0,10143.0,108266.0,81953.0
176335.0,155370.0,49400.0,1264532.0,22049.0,10929.0,114715.0,82052.0
181861.0,165929.0,52987.0,1290518.0,23214.0,11719.0,126611.0,82160.0
186938.0,177160.0,56351.0,1320040.0,24644.0,12425.0,135693.0,82249.0
191142.0,187859.0,59695.0,1349395.0,26435.0,13134.0,145892.0,82295.0
194665.0,198676.0,62808.0,1375281.0,28736.0,13770.0,156061.0,82341.0
198212.0,209688.0,67161.0,1395677.0,30334.0,14657.0,162699.0,82367.0
201718.0,221344.0,70768.0,1414869.0,30941.0,15691.0,169143.0,82692.0
204795.0,232243.0,74292.0,1439017.0,32674.0,16660.0,177602.0,82719.0
207728.0,242271.0,78055.0,1462064.0,35298.0,17822.0,189157.0,82735.0
210844.0,252245.0,81997.0,1490048.0,35788.0,18863.0,202918.0,82747.0
214063.0,262843.0,85784.0,1517997.0,37218.0,20065.0,218223.0,82758.0
217183.0,272043.0,90648.0,1541751.0,38799.0,20995.0,233142.0,82788.0
220378.0,281752.0,95698.0,1561362.0,40151.0,22268.0,241080.0,82798.0
222829.0,290678.0,100328.0,1585197.0,42125.0,23870.0,255368.0,82804.0
225010.0,299941.0,106475.0,1606827.0,43966.0,25121.0,271885.0,82816.0
226379.0,308705.0,112028.0,1629646.0,45898.0,26738.0,293357.0,82827.0
228744.0,317554.0,118226.0,1658546.0,48091.0,28511.0,310921.0,82830.0
231717.0,326448.0,124794.0,1683901.0,50694.0,30205.0,330890.0,82836.0
234393.0,335882.0,131423.0,1705722.0,52437.0,32078.0,347398.0,82858.0
236568.0,344481.0,138536.0,1724935.0,54601.0,33610.0,363618.0,82862.0
238037.0,353427.0,144950.0,1744571.0,56349.0,35585.0,376669.0,82874.0
239849.0,362342.0,150793.0,1764410.0,57705.0,36751.0,392360.0,82875.0
241669.0,370680.0,158086.0,1785216.0,59151.0,38292.0,414661.0,82877.0
243376.0,379051.0,165386.0,1809208.0,61227.0,40321.0,438812.0,82880.0
245271.0,387623.0,173491.0,1834963.0,64028.0,42844.0,468338.0,82881.0
246721.0,396575.0,181827.0,1858988.0,66457.0,44608.0,498440.0,82883.0
248472.0,405843.0,190609.0,1879669.0,69496.0,47153.0,514849.0,82885.0
249891.0,414878.0,198370.0,1898960.0,72460.0,49534.0,529405.0,82886.0
251385.0,423741.0,207191.0,1921487.0,76398.0,52445.0,556668.0,82887.0
253077.0,432277.0,216824.0,1942390.0,80463.0,55140.0,583980.0,82901.0
254710.0,441108.0,226713.0,1965252.0,85264.0,57563.0,615870.0,82918.0
256202.0,449834.0,236184.0,1991110.0,89249.0,60391.0,646006.0,82919.0
257609.0,458689.0,246622.0,2014281.0,93983.0,63026.0,673587.0,82926.0
258808.0,467673.0,257486.0,2033821.0,98943.0,65769.0,691962.0,82929.0
259898.0,476658.0,265928.0,2052889.0,103671.0,68504.0,710887.0,82933.0
261473.0,485253.0,274780.0,2072470.0,108317.0,71675.0,742084.0,82941.0
262380.0,493657.0,287155.0,2093825.0,113702.0,74865.0,775184.0,82947.0
263525.0,502436.0,298283.0,2117730.0,119536.0,78052.0,805649.0,82954.0
264918.0,511423.0,309603.0,2145483.0,125933.0,81523.0,829902.0,82960.0
266207.0,520129.0,321626.0,2171840.0,132405.0,84379.0,850796.0,82965.0
267576.0,528964.0,332783.0,2192569.0,139230.0,87520.0,867882.0,82967.0
268451.0,537210.0,343026.0,2213674.0,144478.0,90619.0,891556.0,82971.0
269607.0,545458.0,354161.0,2240061.0,148921.0,94481.0,928834.0,82971.0
270615.0,553301.0,367264.0,2266666.0,154760.0,98489.0,960309.0,82974.0
271716.0,561091.0,381091.0,2295520.0,160118.0,102292.0,983359.0,82985.0
272934.0,569063.0,395812.0,2329669.0,165062.0,105535.0,1038568.0,82992.0
274105.0,576952.0,411727.0,2363877.0,171666.0,108775.0,1070139.0,82993.0
275209.0,584680.0,426910.0,2390674.0,176617.0,112306.0,1086990.0,82995.0
276075.0,592280.0,440450.0,2422594.0,181088.0,115786.0,1111348.0,82995.0
276907.0,599705.0,456115.0,2459634.0,185034.0,119198.0,1151479.0,82999.0
277497.0,606881.0,472985.0,2499236.0,188926.0,122660.0,1192474.0,83001.0
278508.0,613994.0,491170.0,2540373.0,192970.0,126606.0,1233147.0,83017.0
279757.0,620794.0,509446.0,2588893.0,195745.0,130474.0,1280054.0,83021.0
280562.0,627646.0,529577.0,2633539.0,198883.0,133978.0,1315941.0,83021.0
281377.0,634437.0,549197.0,2675009.0,202955.0,137787.0,1345254.0,83022.0
282113.0,641156.0,567536.0,2720942.0,206512.0,141801.0,1370488.0,83027.0
282736.0,647849.0,585792.0,2768822.0,209337.0,145483.0,1408485.0,83030.0
283486.0,654405.0,605220.0,2822657.0,213470.0,149258.0,1453369.0,83036.0
284063.0,661165.0,627168.0,2881988.0,217809.0,153277.0,1501353.0,83040.0
284583.0,667883.0,649889.0,2943712.0,221896.0,156391.0,1543341.0,83043.0
285208.0,674515.0,673904.0,2994622.0,225283.0,159679.0,1578376.0,83046.0
285725.0,681251.0,697836.0,3041992.0,228474.0,162417.0,1604585.0,83057.0
286077.0,687862.0,720346.0,3094581.0,231818.0,165618.0,1626071.0,83064.0
286659.0,694230.0,743481.0,3151903.0,234509.0,168645.0,1674655.0,83075.0
287290.0,700792.0,769052.0,3216036.0,237489.0,172134.0,1716196.0,83132.0
287933.0,707301.0,794842.0,3279806.0,240848.0,175494.0,1759103.0,83181.0
288445.0,713936.0,822603.0,3354201.0,243599.0,178443.0,1804338.0,83221.0
289265.0,720547.0,850358.0,3418477.0,246351.0,181129.0,1840812.0,83265.0
289915.0,727162.0,879466.0,3478450.0,248872.0,183795.0,1866176.0,83293.0
290444.0,733699.0,907645.0,3545354.0,251625.0,186894.0,1887959.0,83325.0
290841.0,739947.0,937487.0,3613752.0,253604.0,190057.0,1931204.0,83352.0
291378.0,746369.0,970169.0,3688289.0,255769.0,193590.0,1970909.0,83378.0
292018.0,752797.0,1005637.0,3763460.0,257914.0,196323.0,2014738.0,83396.0
292704.0,759203.0,1040457.0,3840082.0,259999.0,199357.0,2048697.0,83418.0
293529.0,765437.0,1077864.0,3905489.0,261916.0,202066.0,2075246.0,83430.0
294254.0,771546.0,1118107.0,3971718.0,263496.0,204525.0,2099896.0,83449.0
294833.0,777486.0,1154917.0,4035662.0,265083.0,207453.0,2121645.0,83462.0
295277.0,783328.0,1194085.0,4105381.0,266096.0,210510.0,2166532.0,83483.0
295836.0,789190.0,1239684.0,4178666.0,267428.0,213254.0,2231871.0,83500.0
296604.0,795038.0,1288130.0,4250258.0,269191.0,216110.0,2289951.0,83512.0
297371.0,800849.0,1337022.0,4329799.0,270400.0,218658.0,2348200.0,83531.0
298137.0,806720.0,1385494.0,4400016.0,271887.0,221178.0,2396434.0,83534.0
298881.0,812485.0,1436019.0,4456988.0,273113.0,223453.0,2419901.0,83537.0
299565.0,818120.0,1482503.0,4518947.0,274289.0,226225.0,2443480.0,83542.0
300145.0,823515.0,1532135.0,4585654.0,275225.0,229185.0,2484649.0,83545.0
300907.0,828990.0,1584384.0,4651703.0,276288.0,232194.0,2555518.0,83553.0
301751.0,834499.0,1639350.0,4721766.0,277402.0,234889.0,2613789.0,83557.0
302629.0,839981.0,1697054.0,4795433.0,278305.0,237661.0,2666298.0,83565.0
303399.0,845443.0,1751919.0,4856097.0,279146.0,239860.0,2708876.0,83572.0
304141.0,850870.0,1804702.0,4906888.0,279698.0,240746.0,2733677.0,83581.0
305067.0,856264.0,1855331.0,4956102.0,280029.0,242102.0,2751665.0,83585.0
305736.0,861423.0,1906613.0,5011820.0,280461.0,244020.0,2808076.0,83587.0
306625.0,866627.0,1963239.0,5068260.0,281136.0,246674.0,2862761.0,83594.0
307573.0,871894.0,2025409.0,5128796.0,281863.0,249651.0,2917562.0,83602.0
308442.0,877135.0,2086864.0,5193472.0,282645.0,252502.0,2967064.0,83605.0
309199.0,882347.0,2152020.0,5252461.0,283487.0,255113.0,3013369.0,83611.0
310259.0,887536.0,2214137.0,5301731.0,284121.0,257600.0,3035582.0,83612.0
311074.0,892654.0,2267153.0,5350744.0,284660.0,260507.0,3057470.0,83622.0
312220.0,897599.0,2328405.0,5406656.0,285191.0,263503.0,3112393.0,83644.0
313227.0,902701.0,2395471.0,5463050.0,285921.0,266498.0,3170474.0,83660.0
314354.0,907758.0,2459613.0,5517822.0,286674.0,269115.0,3229621.0,83682.0
315791.0,912823.0,2525222.0,5579597.0,287300.0,271881.0,3278895.0,83693.0
316866.0,917884.0,2589208.0,5633987.0,288047.0,274525.0,3317832.0,83707.0
317904.0,922853.0,2647316.0,5672700.0,288717.0,276549.0,3340197.0,83729.0
318616.0,927745.0,2701604.0,5712972.0,289215.0,279144.0,3363235.0,83750.0
319703.0,932493.0,2766626.0,5758066.0,289832.0,282344.0,3411872.0,83784.0
320514.0,937321.0,2835822.0,5804268.0,290445.0,285091.0,3460413.0,83830.0
321694.0,942106.0,2904329.0,5850388.0,290958.0,287959.0,3505097.0,83891.0
322725.0,946976.0,2973368.0,5901859.0,291588.0,290360.0,3536488.0,83959.0
324011.0,951897.0,3043436.0,5947504.0,292174.0,292625.0,3582698.0,84060.0
325169.0,956749.0,3105185.0,5982303.0,292765.0,294598.0,3605783.0,84165.0
326020.0,961493.0,3164881.0,6022752.0,293261.0,297083.0,3627217.0,84292.0
327202.0,966189.0,3231754.0,6064351.0,293711.0,299628.0,3674176.0,84336.0
328248.0,970865.0,3307749.0,6110262.0,294193.0,302147.0,3722004.0,84385.0
329767.0,975576.0,3384575.0,6156697.0,294638.0,304583.0,3764493.0,84428.0
331041.0,980405.0,3461240.0,6206129.0,295053.0,306794.0,3812605.0,84464.0
332147.0,985346.0,3539712.0,6251955.0,295372.0,308925.0,3846965.0,84491.0
333859.0,990326.0,3619169.0,6287388.0,295636.0,310822.0,3862311.0,84528.0
335262.0,995319.0,3687939.0,6324642.0,295849.0,312996.0,3910901.0,84565.0
336555.0,1000048.0,3766108.0,6368204.0,296149.0,314946.0,3952790.0,84596.0
338060.0,1005000.0,3848968.0,6409913.0,296590.0,317528.0,4001422.0,84619.0
339792.0,1009995.0,3933124.0,6455854.0,297014.0,319686.0,4046150.0,84668.0
341728.0,1015105.0,4020239.0,6509624.0,297512.0,321615.0,4091801.0,84712.0
343538.0,1020310.0,4110839.0,6553460.0,298025.0,323565.0,4123000.0,84737.0
346521.0,1025505.0,4202562.0,6585627.0,298509.0,325157.0,4137606.0,84756.0
349464.0,1030690.0,4277584.0,6611601.0,298903.0,327359.0,4147794.0,84786.0
351919.0,1035789.0,4367436.0,6639717.0,299233.0,329251.0,4165124.0,84808.0
354573.0,1041007.0,4462965.0,6677245.0,299659.0,331078.0,4199332.0,84827.0
357487.0,1046370.0,4559725.0,6717741.0,299855.0,332970.0,4239763.0,84849.0
361020.0,1051874.0,4657379.0,6765419.0,300371.0,334762.0,4283978.0,84871.0
364511.0,1057362.0,4751788.0,6805785.0,300955.0,336044.0,4315858.0,84888.0
367835.0,1062811.0,4845003.0,6838749.0,301481.0,337520.0,4330455.0,84895.0
370449.0,1068320.0,4926914.0,6876426.0,302020.0,339332.0,4349544.0,84917.0
373548.0,1073849.0,5018034.0,6914294.0,302424.0,341056.0,4384299.0,84939.0
377532.0,1079519.0,5115893.0,6955609.0,303089.0,342671.0,4421686.0,84951.0
380921.0,1085281.0,5212686.0,7002384.0,303634.0,344264.0,4457443.0,84967.0
385235.0,1091186.0,5305475.0,7054417.0,304386.0,345805.0,4497434.0,84981.0
389743.0,1097251.0,5398230.0,7099219.0,305031.0,347374.0,4528347.0,84996.0
393891.0,1103399.0,5485612.0,7133211.0,305671.0,348916.0,4544629.0,85004.0
398320.0,1109595.0,5560105.0,7169190.0,306304.0,350621.0,4560083.0,85013.0
403390.0,1115810.0,5640496.0,7206168.0,306886.0,352178.0,4595335.0,85022.0
410276.0,1122241.0,5730184.0,7248564.0,307418.0,353844.0,4627780.0,85031.0
417620.0,1128836.0,5816103.0,7294999.0,308217.0,355384.0,4659909.0,85048.0
425124.0,1136048.0,5901571.0,7349727.0,309015.0,356767.0,4692579.0,85058.0
432689.0,1143571.0,5990581.0,7394050.0,309581.0,357873.0,4718115.0,85066.0
440388.0,1151438.0,6073348.0,7427775.0,310275.0,359148.0,4732309.0,85077.0
445041.0,1159573.0,6143019.0,7465381.0,310841.0,360555.0,4748327.0,85102.0
454140.0,1167805.0,6223519.0,7510516.0,311516.0,362043.0,4780317.0,85112.0
464278.0,1176286.0,6310267.0,7553478.0,312263.0,363479.0,4813586.0,85122.0
475305.0,1185231.0,6391960.0,7601377.0,312806.0,364987.0,4849229.0,85134.0
487037.0,1194643.0,6471934.0,7653814.0,313431.0,366383.0,4882231.0,85144.0
494094.0,1204502.0,6547413.0,7703598.0,313984.0,367565.0,4906833.0,85146.0
502060.0,1215001.0,6622180.0,7738070.0,314616.0,368690.0,4915289.0,85153.0
514631.0,1225889.0,6682073.0,7779564.0,315260.0,370132.0,4940499.0,85168.0
529146.0,1237504.0,6754179.0,7824509.0,315727.0,371631.0,4970953.0,85174.0
543282.0,1248619.0,6832988.0,7874797.0,316351.0,373151.0,5002357.0,85184.0
560790.0,1260112.0,6903812.0,7932995.0,316934.0,374592.0,5029539.0,85194.0
574628.0,1272238.0,6977008.0,7994625.0,317595.0,375870.0,5057190.0,85202.0
589766.0,1285084.0,7051543.0,8049451.0,318266.0,377073.0,5091840.0,85214.0
602614.0,1298718.0,7119300.0,8092830.0,318932.0,378266.0,5094979.0,85223.0
616558.0,1312310.0,7173565.0,8139508.0,319317.0,379738.0,5103408.0,85255.0
633760.0,1326178.0,7237082.0,8194877.0,319848.0,381275.0,5114823.0,85269.0
653446.0,1340409.0,7305070.0,8254533.0,320463.0,382959.0,5141498.0,85279.0
672376.0,1354163.0,7365509.0,8321154.0,321218.0,384559.0,5170996.0,85291.0
687997.0,1369313.0,7430635.0,8392729.0,321877.0,386086.0,5201570.0,85297.0
704137.0,1384235.0,7492727.0,8452367.0,322452.0,387295.0,5224362.0,85307.0
721087.0,1399334.0,7548238.0,8502948.0,323019.0,388569.0,5235344.0,85314.0
739856.0,1415316.0,7594736.0,8560930.0,323459.0,390206.0,5251127.0,85322.0
761147.0,1431635.0,7649158.0,8625734.0,324077.0,391586.0,5274817.0,85337.0
787782.0,1447335.0,7705158.0,8693328.0,324744.0,393131.0,5300649.0,85351.0
808986.0,1463306.0,7759640.0,8768791.0,325480.0,394827.0,5332634.0,85372.0
829478.0,1480646.0,7813668.0,8852367.0,326216.0,396413.0,5355650.0,85384.0
852448.0,1497167.0,7863892.0,8933159.0,327063.0,397507.0,5381224.0,85403.0
872202.0,1513877.0,7909050.0,8996671.0,327895.0,398815.0,5394128.0,85414.0
893054.0,1531224.0,7945888.0,9066261.0,328602.0,400251.0,5411550.0,85424.0
915896.0,1547774.0,7988853.0,9145038.0,329375.0,401586.0,5440903.0,85434.0
940552.0,1563976.0,8038765.0,9228278.0,330200.0,403079.0,5469755.0,85450.0
963575.0,1581693.0,8088046.0,9321688.0,331108.0,404760.0,5496402.0,85470.0
987935.0,1599976.0,8136166.0,9424080.0,332186.0,406364.0,5519528.0,85482.0
1009810.0,1618116.0,8182881.0,9514534.0,332993.0,407684.0,5535605.0,85489.0
1033021.0,1636781.0,8229322.0,9592212.0,333970.0,409252.0,5545705.0,85500.0
1051936.0,1655038.0,8266914.0,9681554.0,335093.0,410988.0,5554206.0,85521.0
1071917.0,1673686.0,8312947.0,9781042.0,336260.0,412647.0,5567126.0,85536.0
1097045.0,1693454.0,8363412.0,9890717.0,337573.0,414164.0,5590941.0,85557.0
1121142.0,1712858.0,8411034.0,10014814.0,338875.0,416006.0,5614258.0,85578.0
1144386.0,1733440.0,8460885.0,10152289.0,340251.0,417475.0,5632505.0,85591.0
1169297.0,1753836.0,8507203.0,10284901.0,341753.0,418764.0,5653561.0,85611.0
1189831.0,1774334.0,8553864.0,10394040.0,343189.0,420238.0,5664115.0,85622.0
1211142.0,1796132.0,8591075.0,10518271.0,344839.0,421921.0,5675766.0,85646.0
1231517.0,1817109.0,8635754.0,10668771.0,346476.0,423620.0,5701283.0,85659.0
1254425.0,1836960.0,8684039.0,10817962.0,348184.0,425353.0,5749007.0,85672.0
1287834.0,1858568.0,8727900.0,10983846.0,349992.0,427198.0,5783647.0,85685.0
1315085.0,1880551.0,8773243.0,11172472.0,352296.0,428965.0,5819496.0,85704.0
1341896.0,1903253.0,8814902.0,11334108.0,354461.0,430496.0,5848959.0,85715.0
1366812.0,1925825.0,8845617.0,11482128.0,356904.0,432333.0,5863093.0,85729.0
1388136.0,1948603.0,8874172.0,11641582.0,359032.0,434472.0,5876740.0,85747.0
1408150.0,1971013.0,8912704.0,11807338.0,361082.0,436684.0,5911758.0,85775.0
1427723.0,1991998.0,8958143.0,11984450.0,363380.0,438795.0,5947403.0,85790.0
1450596.0,2015608.0,9004325.0,12179173.0,365927.0,441159.0,5983089.0,85810.0
1470811.0,2039926.0,9050613.0,12384577.0,368665.0,443434.0,6020164.0,85826.0
1490650.0,2064748.0,9095908.0,12562973.0,371508.0,445281.0,6052786.0,85868.0
1509278.0,2089329.0,9140312.0,12714990.0,374173.0,447341.0,6071401.0,85915.0
1524700.0,2114502.0,9177722.0,12888767.0,376929.0,449760.0,6088004.0,85940.0
1535978.0,2138828.0,9221998.0,13070712.0,379883.0,451990.0,6121449.0,85973.0
1554158.0,2162503.0,9266697.0,13254516.0,382892.0,454146.0,6166898.0,85997.0
1570400.0,2187990.0,9309871.0,13417233.0,386198.0,456438.0,6204570.0,86021.0
1586393.0,2215533.0,9351224.0,13582338.0,389311.0,458711.0,6238350.0,86070.0
1602235.0,2242633.0,9393039.0,13731438.0,392356.0,460619.0,6290272.0,86087.0
1614368.0,2269316.0,9432075.0,13877367.0,395185.0,462407.0,6314740.0,86115.0
1626674.0,2295654.0,9463254.0,14043520.0,398024.0,464932.0,6336278.0,86151.0
1640079.0,2322056.0,9499710.0,14231359.0,400482.0,467225.0,6388526.0,86184.0
1656218.0,2347401.0,9533471.0,14440197.0,403311.0,469403.0,6436650.0,86212.0
1671070.0,2375546.0,9571780.0,14662902.0,406810.0,471739.0,6487516.0,86245.0
1687338.0,2402949.0,9608418.0,14902153.0,410072.0,473901.0,6534951.0,86267.0
1702848.0,2431731.0,9644529.0,15116107.0,413191.0,475879.0,6577177.0,86284.0
1720088.0,2460770.0,9676801.0,15299004.0,416499.0,477545.0,6603540.0,86299.0
1734778.0,2488912.0,9703908.0,15499493.0,420294.0,479743.0,6628065.0,86307.0
1747037.0,2515009.0,9735975.0,15712933.0,423179.0,481945.0,6675915.0,86325.0
1763585.0,2541199.0,9762326.0,15941908.0,426142.0,484104.0,6730118.0,86338.0
1784511.0,2569126.0,9796992.0,16169412.0,429280.0,485965.0,6783543.0,86346.0
1806142.0,2597711.0,9827026.0,16416619.0,432327.0,487849.0,6836313.0,86361.0
1827605.0,2625848.0,9857380.0,16642794.0,435056.0,489178.0,6880595.0,86369.0
1846018.0,2653928.0,9884716.0,16837388.0,438425.0,490533.0,6901990.0,86381.0
1866244.0,2681256.0,9906507.0,17037665.0,440787.0,492332.0,6929409.0,86398.0
1884660.0,2707945.0,9932908.0,17242964.0,443246.0,494209.0,6974258.0,86414.0
1909775.0,2734454.0,9951072.0,17496153.0,445977.0,495838.0,7042695.0,86431.0
1945093.0,2762668.0,9977834.0,17734923.0,448522.0,496975.0,7111527.0,86442.0
1973548.0,2791220.0,10004825.0,17992163.0,451494.0,498293.0,7163912.0,86464.0
2000550.0,2819429.0,10031659.0,18193055.0,454673.0,499560.0,7213155.0,86469.0
2036412.0,2848377.0,10056248.0,18383857.0,457176.0,500713.0,7238600.0,86490.0
2069714.0,2877727.0,10075422.0,18584798.0,458968.0,502183.0,7264221.0,86495.0
2106451.0,2906503.0,10099308.0,18786594.0,460672.0,503501.0,7320020.0,86501.0
2145616.0,2933753.0,10123544.0,19020218.0,462814.0,504868.0,7366677.0,86512.0
2184580.0,2963688.0,10147468.0,19232355.0,465070.0,506102.0,7425593.0,86530.0
2217245.0,2992706.0,10169818.0,19388051.0,467222.0,507265.0,7448560.0,86542.0
2253710.0,3021964.0,10188392.0,19553824.0,469482.0,508099.0,7465806.0,86551.0
2284155.0,3050248.0,10208725.0,19700973.0,471335.0,509148.0,7484285.0,86567.0
2325464.0,3078035.0,10224797.0,19889162.0,473309.0,510080.0,7506890.0,86584.0
2378502.0,3105037.0,10245326.0,20091605.0,475085.0,511261.0,7564117.0,86601.0
2428433.0,3131550.0,10267283.0,20328310.0,477240.0,512496.0,7619970.0,86619.0
2484222.0,3159297.0,10286329.0,20570983.0,479715.0,513510.0,7675973.0,86634.0
2537408.0,3186336.0,10303409.0,20799731.0,482178.0,514500.0,7700578.0,86646.0
2595027.0,3212637.0,10324631.0,21035970.0,484362.0,515184.0,7716405.0,86661.0
2649916.0,3236787.0,10341291.0,21240372.0,486634.0,516019.0,7733746.0,86673.0
2708592.0,3260138.0,10357569.0,21438875.0,488529.0,516929.0,7754560.0,86688.0
2769396.0,3284384.0,10375478.0,21675904.0,490476.0,517920.0,7812007.0,86701.0
2831604.0,3308601.0,10395938.0,21942704.0,492594.0,518898.0,7874539.0,86725.0
2884126.0,3332142.0,10414044.0,22223105.0,495075.0,519905.0,7961673.0,86741.0
2952054.0,3355794.0,10432526.0,22530675.0,497510.0,520690.0,8015920.0,86758.0
3011881.0,3379103.0,10451346.0,22790320.0,499517.0,521382.0,8075998.0,86770.0
3066720.0,3401954.0,10467431.0,23011521.0,502416.0,522453.0,8105790.0,86777.0
3112804.0,3425269.0,10479913.0,23230538.0,504293.0,523302.0,8133833.0,86789.0
3158253.0,3448203.0,10495816.0,23461519.0,506701.0,524020.0,8195637.0,86806.0
3205691.0,3471053.0,10512831.0,23701558.0,508824.0,524910.0,8257459.0,86829.0
3254284.0,3495816.0,10528508.0,23936889.0,511921.0,525723.0,8326115.0,86852.0
3309939.0,3520531.0,10543659.0,24186976.0,514338.0,526485.0,8394253.0,86867.0
3351209.0,3544623.0,10558710.0,24393858.0,516770.0,527063.0,8456705.0,86882.0
3389736.0,3568209.0,10572672.0,24572818.0,519291.0,527632.0,8488099.0,86899.0
3427202.0,3591066.0,10582647.0,24723671.0,521211.0,528329.0,8512238.0,86913.0
3460496.0,3612800.0,10596442.0,24899464.0,523011.0,529031.0,8575742.0,86933.0
3499330.0,3633952.0,10611719.0,25091498.0,524783.0,529687.0,8639868.0,86955.0
3537153.0,3655839.0,10626200.0,25286290.0,527146.0,530271.0,8699814.0,86976.0
3577340.0,3677352.0,10640544.0,25482492.0,528891.0,530890.0,8755133.0,87003.0
3610830.0,3698273.0,10655435.0,25657932.0,530818.0,531326.0,8816254.0,87027.0
3640779.0,3719400.0,10668674.0,25800675.0,532412.0,531799.0,8844600.0,87052.0
3662932.0,3738690.0,10677710.0,25952653.0,534041.0,532401.0,8872964.0,87071.0
3682984.0,3756931.0,10690279.0,26105922.0,535914.0,532916.0,8936590.0,87093.0
3708246.0,3774672.0,10702031.0,26268107.0,537477.0,533444.0,9000485.0,87117.0
3736873.0,3793810.0,10720971.0,26433247.0,539387.0,533953.0,9060786.0,87150.0
3765899.0,3813048.0,10734026.0,26605038.0,541031.0,534407.0,9119477.0,87183.0
3789131.0,3832080.0,10747091.0,26752124.0,543214.0,534770.0,9176975.0,87215.0
3810180.0,3850439.0,10758619.0,26864980.0,544813.0,535139.0,9204731.0,87278.0
3828753.0,3868087.0,10767206.0,26992667.0,546428.0,535582.0,9230016.0,87331.0
3845562.0,3884730.0,10778206.0,27109760.0,547648.0,536107.0,9286256.0,87364.0
3864729.0,3901204.0,10791123.0,27225191.0,549032.0,536545.0,9339921.0,87433.0
3885325.0,3917918.0,10803533.0,27352128.0,550540.0,537030.0,9397769.0,87536.0
3904404.0,3934606.0,10815222.0,27486483.0,551842.0,537465.0,9449088.0,87591.0
3922633.0,3951233.0,10827170.0,27596069.0,553128.0,537770.0,9497795.0,87706.0
3938449.0,3967281.0,10838843.0,27688789.0,554474.0,538062.0,9524640.0,87844.0
3952527.0,3983197.0,10847790.0,27783086.0,555511.0,538378.0,9550301.0,87988.0
3964868.0,3998216.0,10858300.0,27883126.0,556519.0,538765.0,9602034.0,88118.0
3977857.0,4012710.0,10871060.0,27982778.0,557591.0,539113.0,9662305.0,88227.0
3991326.0,4027748.0,10880413.0,28091991.0,559093.0,539571.0,9716298.0,88336.0
4006441.0,4042837.0,10892550.0,28196414.0,560363.0,539975.0,9765694.0,88454.0
4019725.0,4057698.0,10904738.0,28284564.0,561625.0,540266.0,9811255.0,88557.0
4030677.0,4071883.0,10916172.0,28352243.0,563029.0,540592.0,9834513.0,88701.0
4040424.0,4086090.0,10925311.0,28409796.0,564077.0,541038.0,9866710.0,88804.0
4051029.0,4099323.0,10937106.0,28475823.0,564824.0,541434.0,9921981.0,88911.0
4063724.0,4112151.0,10949546.0,28549532.0,565989.0,541877.0,9979276.0,88991.0
4075759.0,4125598.0,10962189.0,28621746.0,567261.0,542268.0,10030626.0,89115.0
4087764.0,4139031.0,10976776.0,28706579.0,568506.0,542674.0,10081693.0,89197.0
4098151.0,4151984.0,10991091.0,28779120.0,569846.0,543024.0,10139148.0,89272.0
4107967.0,4164726.0,11005071.0,28838396.0,571174.0,543351.0,10168174.0,89326.0
4118588.0,4177330.0,11015863.0,28896937.0,572334.0,543717.0,10197531.0,89378.0
4127061.0,4189153.0,11029326.0,28971023.0,573384.0,544116.0,10260621.0,89430.0
4136981.0,4200902.0,11046470.0,29046818.0,574580.0,544544.0,10326008.0,89522.0
4146948.0,4212100.0,11063038.0,29125337.0,575941.0,544954.0,10393886.0,89564.0
4155455.0,4223186.0,11079094.0,29206528.0,577482.0,545424.0,10457794.0,89594.0
4162875.0,4234720.0,11096440.0,29272352.0,578797.0,545831.0,10517232.0,89619.0
4168899.0,4246079.0,11112056.0,29326567.0,579973.0,546216.0,10551259.0,89649.0
4174344.0,4257650.0,11123619.0,29380838.0,581365.0,546801.0,10589608.0,89669.0
4180723.0,4268215.0,11139323.0,29439081.0,582528.0,547316.0,10647845.0,89681.0
4187096.0,4278750.0,11156748.0,29506579.0,583916.0,547930.0,10722221.0,89692.0
4193656.0,4290135.0,11173572.0,29575271.0,585435.0,548549.0,10796506.0,89706.0
4199591.0,4301159.0,11191864.0,29644617.0,587014.0,549184.0,10871843.0,89720.0
4205620.0,4312181.0,11210580.0,29704294.0,588728.0,549724.0,10939320.0,89734.0
4210788.0,4322776.0,11229271.0,29749801.0,590508.0,550330.0,11019344.0,89736.0
4215491.0,4333029.0,11244624.0,29794964.0,592100.0,551175.0,11055480.0,89748.0
4221246.0,4342474.0,11261470.0,29851183.0,593453.0,552087.0,11125017.0,89756.0
4227161.0,4351553.0,11284311.0,29912424.0,595239.0,553105.0,11205972.0,89763.0
4233902.0,4360823.0,11305979.0,29975392.0,597497.0,554156.0,11284269.0,89772.0
4240499.0,4370617.0,11333491.0,30043491.0,600198.0,555222.0,11368316.0,89788.0
4246023.0,4380525.0,11358644.0,30096287.0,602536.0,556236.0,11439250.0,89795.0
4250633.0,4390608.0,11385158.0,30139545.0,605200.0,557395.0,11483370.0,89806.0
4255713.0,4400045.0,11409595.0,30185701.0,607453.0,559168.0,11525477.0,89816.0
4260997.0,4409438.0,11438464.0,30239554.0,609964.0,560887.0,11609601.0,89824.0
4266744.0,4418436.0,11474302.0,30302922.0,612315.0,562752.0,11700431.0,89831.0
4273035.0,4428239.0,11513945.0,30366285.0,615810.0,564939.0,11787600.0,89842.0
4277828.0,4437938.0,11554895.0,30432424.0,619259.0,566838.0,11877009.0,89852.0
4283405.0,4447570.0,11598710.0,30491771.0,623135.0,568706.0,11950459.0,89864.0
4288707.0,4456869.0,11645719.0,30538967.0,626802.0,570878.0,11998233.0,89871.0
4294039.0,4466153.0,11686330.0,30585175.0,630471.0,573687.0,12051619.0,89877.0
4299125.0,4474610.0,11733594.0,30645599.0,633741.0,577241.0,12136615.0,89887.0
4304720.0,4483471.0,11787013.0,30712711.0,637042.0,580808.0,12227179.0,89893.0
4310928.0,4492692.0,11846082.0,30779608.0,640988.0,584395.0,12324765.0,89912.0
4316539.0,4501859.0,11908373.0,30856530.0,645356.0,588132.0,12407323.0,89923.0
4321245.0,4510744.0,11971004.0,30924687.0,649824.0,591806.0,12490362.0,89933.0
4325100.0,4519832.0,12039210.0,30976989.0,654591.0,595714.0,12534688.0,89943.0
4329745.0,4528543.0,12095329.0,31037082.0,659116.0,600895.0,12577354.0,89952.0
4333778.0,4536820.0,12148487.0,31100542.0,663200.0,605937.0,12664058.0,89962.0
4337823.0,4545095.0,12220669.0,31170797.0,667957.0,611295.0,12753258.0,89975.0
4342293.0,4554264.0,12302110.0,31247935.0,672931.0,617764.0,12842717.0,89994.0
4345689.0,4563056.0,12391129.0,31321444.0,678165.0,624594.0,12912379.0,90002.0
4349106.0,4572077.0,12484127.0,31392137.0,682888.0,630277.0,12953597.0,90007.0
4351399.0,4580894.0,12587920.0,31440081.0,687908.0,637364.0,12984956.0,90018.0
4354156.0,4589540.0,12684477.0,31496717.0,692231.0,644439.0,13023189.0,90027.0
4356530.0,4597868.0,12799746.0,31559329.0,696184.0,651652.0,13106058.0,90034.0
4359288.0,4606162.0,12926061.0,31634650.0,700188.0,659278.0,13197031.0,90044.0
4362311.0,4614834.0,13057954.0,31714892.0,705517.0,666132.0,13286324.0,90049.0
4365456.0,4623984.0,13202783.0,31800390.0,710829.0,673594.0,13375414.0,90062.0
4368045.0,4632688.0,13355465.0,31873025.0,715968.0,678937.0,13445006.0,90066.0
4369775.0,4641390.0,13525379.0,31930510.0,721018.0,684756.0,13482543.0,90072.0
4373342.0,4649710.0,13686073.0,31987468.0,725602.0,691957.0,13521409.0,90083.0
4375814.0,4657883.0,13871321.0,32065601.0,729920.0,697985.0,13601566.0,90087.0
4378304.0,4666209.0,14070890.0,32144564.0,734423.0,703170.0,13677564.0,90099.0
4380976.0,4675153.0,14287740.0,32218879.0,739818.0,707362.0,13758093.0,90106.0
4383732.0,4684148.0,14521683.0,32300518.0,745182.0,711779.0,13834342.0,90115.0
4385938.0,4693469.0,14782461.0,32372126.0,750158.0,715252.0,13900134.0,90125.0
4387820.0,4702101.0,15057767.0,32423934.0,756285.0,718950.0,13943071.0,90136.0
4390783.0,4710690.0,15314714.0,32475833.0,761437.0,723221.0,13977713.0,90147.0
4393307.0,4718854.0,15609004.0,32536920.0,766882.0,727780.0,14050885.0,90159.0
4395702.0,4727125.0,15924806.0,32602224.0,772381.0,732060.0,14122795.0,90167.0
4398431.0,4736121.0,16257309.0,32669279.0,778238.0,736074.0,14172139.0,90182.0
4401109.0,4744961.0,16602456.0,32736373.0,784108.0,739703.0,14238110.0,90190.0
4403170.0,4753789.0,16951769.0,32789653.0,790016.0,742400.0,14308215.0,90201.0
